person 0.7755362 641.28564 368.9532 665.8001 423.6645
person 0.72702855 1057.981 275.75842 1073.8157 318.6609
person 0.693437 1104.3246 333.77063 1120.1364 381.8711
person 0.68594766 725.3045 299.53296 742.4148 343.19556
person 0.6834725 951.8476 400.98932 971.5583 466.0229
person 0.6743481 729.9569 227.72171 742.01575 256.30457
person 0.6668288 600.19904 400.80292 623.3005 464.10095
person 0.6603132 431.67725 670.263 476.6784 718.6872
person 0.63214284 484.12878 269.60785 501.28638 303.82422
person 0.6265347 386.9068 292.83197 402.74194 322.3562
person 0.564089 361.81668 383.19226 390.7687 425.96375
person 0.5624934 530.1971 642.683 554.37213 721.25183
person 0.550546 81.039444 364.85687 111.0562 417.68555
person 0.5272411 173.64355 299.64075 192.02127 342.5163
person 0.50214446 238.91031 254.0235 253.94606 280.70813
person 0.49689963 336.965 341.7282 352.21783 367.15973
person 0.49475813 429.0564 371.76978 446.92072 421.2589
person 0.4813674 301.97583 236.90906 313.00638 255.8739
person 0.47616148 618.97473 283.34985 635.3179 307.87482
person 0.4055773 532.3513 315.71844 551.63226 355.51874
person 0.3815798 107.014275 512.7938 141.95145 553.7295
person 0.37329602 486.50153 221.85767 501.18158 252.64392
person 0.32400295 379.40143 328.7105 384.83853 334.28857
person 0.30308437 -2.8856277 37.247833 1272.8821 391.54205
